[gd_scene load_steps=16 format=2]

[ext_resource path="res://VegetableHunter_Assets/VegetableHunter_Assets/World/grass_large.glb" type="PackedScene" id=1]
[ext_resource path="res://Trees/Tree1.tscn" type="PackedScene" id=2]
[ext_resource path="res://Trees/Tree2.tscn" type="PackedScene" id=3]
[ext_resource path="res://Trees/Tree4.tscn" type="PackedScene" id=4]
[ext_resource path="res://Trees/Tree3.tscn" type="PackedScene" id=5]
[ext_resource path="res://VegetableHunter_Assets/VegetableHunter_Assets/World/grass_leafs.glb" type="PackedScene" id=6]
[ext_resource path="res://Player/Player.tscn" type="PackedScene" id=7]
[ext_resource path="res://VegetableHunter_Assets/VegetableHunter_Assets/World/rock_largeE.glb" type="PackedScene" id=8]
[ext_resource path="res://VegetableHunter_Assets/VegetableHunter_Assets/World/rock_largeB.glb" type="PackedScene" id=9]
[ext_resource path="res://VegetableHunter_Assets/VegetableHunter_Assets/World/rock_largeA.glb" type="PackedScene" id=10]
[ext_resource path="res://VegetableHunter_Assets/VegetableHunter_Assets/World/rock_largeC.glb" type="PackedScene" id=11]
[ext_resource path="res://VegetableHunter_Assets/VegetableHunter_Assets/World/rock_largeD.glb" type="PackedScene" id=12]
[ext_resource path="res://Level/Level.gd" type="Script" id=13]
[ext_resource path="res://VegetableHunter_Assets/VegetableHunter_Assets/Audio/07 - Town.ogg" type="AudioStream" id=14]

[sub_resource type="SpatialMaterial" id=1]
albedo_color = Color( 0.164706, 0.890196, 0.0588235, 1 )

[node name="Level" type="Spatial"]
script = ExtResource( 13 )

[node name="Trees" type="Node" parent="."]

[node name="Tree1" parent="Trees" instance=ExtResource( 2 )]
transform = Transform( 1, 0, 0, 0, 0.997845, 0.0656121, 0, -0.0656121, 0.997845, 2, 0.25, 2 )

[node name="Tree7" parent="Trees" instance=ExtResource( 2 )]
transform = Transform( 1, 0, 0, 0, 0.997845, 0.0656121, 0, -0.0656121, 0.997845, -4.16831, 0.25, 0.211939 )

[node name="Tree2" parent="Trees" instance=ExtResource( 3 )]
transform = Transform( 1, 0, 0, 0, 0.995675, 0.0929093, 0, -0.0929093, 0.995675, -0.38797, 0.25, -3.33861 )

[node name="Tree8" parent="Trees" instance=ExtResource( 3 )]
transform = Transform( 1, 0, 0, 0, 0.995675, 0.0929093, 0, -0.0929093, 0.995675, -2.23882, 0.25, 2.71052 )

[node name="Tree3" parent="Trees" instance=ExtResource( 5 )]
transform = Transform( 0.986601, 0, 0.163154, 0, 1, 0, -0.163154, 0, 0.986601, -3, 0.25, 3 )

[node name="Tree5" parent="Trees" instance=ExtResource( 5 )]
transform = Transform( 0.986601, 0, 0.163154, 0, 1, 0, -0.163154, 0, 0.986601, 2.61288, 0.25, 3.85881 )

[node name="Tree9" parent="Trees" instance=ExtResource( 5 )]
transform = Transform( 0.986601, 0, 0.163154, 0, 1, 0, -0.163154, 0, 0.986601, -0.052233, 0.25, 3.88894 )

[node name="Tree4" parent="Trees" instance=ExtResource( 4 )]
transform = Transform( 1, 0, 0, 0, 1, 0, 0, 0, 1, 2.97, 0.25, -3.87 )

[node name="Grass" type="Node" parent="."]

[node name="grass_leafs" parent="Grass" instance=ExtResource( 6 )]
transform = Transform( 1, 0, 0, 0, 1, 0, 0, 0, 1, 1.26058, 0.17373, -1.2618 )

[node name="grass_large" parent="Grass" instance=ExtResource( 1 )]
transform = Transform( 1, 0, 0, 0, 1, 0, 0, 0, 1, 1.12311, 0.1, -1.96873 )

[node name="grass_leafs2" parent="Grass" instance=ExtResource( 6 )]
transform = Transform( 0.102063, 0, 0.994778, 0, 1, 0, -0.994778, 0, 0.102063, 1.55048, 0.17373, -1.58928 )

[node name="grass_large2" parent="Grass" instance=ExtResource( 1 )]
transform = Transform( 0.102063, 0, 0.994778, 0, 1, 0, -0.994778, 0, 0.102063, 1.10617, 0.1, -1.52468 )

[node name="grass_leafs3" parent="Grass" instance=ExtResource( 6 )]
transform = Transform( 0.937227, 0, 0.348719, 0, 1, 0, -0.348719, 0, 0.937227, 1.88079, 0.17373, -1.26036 )

[node name="grass_large3" parent="Grass" instance=ExtResource( 1 )]
transform = Transform( 0.937227, 0, 0.348719, 0, 1, 0, -0.348719, 0, 0.937227, 1.50543, 0.1, -1.87498 )

[node name="grass_leafs4" parent="Grass" instance=ExtResource( 6 )]
transform = Transform( -0.251242, 0, 0.967924, 0, 1, 0, -0.967924, 0, -0.251242, 2.0383, 0.17373, -1.66838 )

[node name="grass_large4" parent="Grass" instance=ExtResource( 1 )]
transform = Transform( -0.251242, 0, 0.967924, 0, 1, 0, -0.967924, 0, -0.251242, 1.6444, 0.1, -1.4529 )

[node name="grass_leafs5" parent="Grass" instance=ExtResource( 6 )]
transform = Transform( 0.809007, 0, 0.587799, 0, 1, 0, -0.587799, 0, 0.809007, 2.4437, 0.17373, -1.14387 )

[node name="grass_large5" parent="Grass" instance=ExtResource( 1 )]
transform = Transform( 0.809007, 0, 0.587799, 0, 1, 0, -0.587799, 0, 0.809007, 1.91695, 0.1, -1.63498 )

[node name="grass_leafs6" parent="Grass" instance=ExtResource( 6 )]
transform = Transform( -0.50216, 0, 0.864775, 0, 1, 0, -0.864775, 0, -0.50216, 2.48574, 0.17373, -1.57921 )

[node name="grass_large6" parent="Grass" instance=ExtResource( 1 )]
transform = Transform( -0.50216, 0, 0.864775, 0, 1, 0, -0.864775, 0, -0.50216, 2.16426, 0.1, -1.26578 )

[node name="grass_leafs7" parent="Grass" instance=ExtResource( 6 )]
transform = Transform( 0.553246, 0, 0.833018, 0, 1, 0, -0.833018, 0, 0.553246, 2.9463, 0.17373, -1.50727 )

[node name="grass_large7" parent="Grass" instance=ExtResource( 1 )]
transform = Transform( 0.553246, 0, 0.833018, 0, 1, 0, -0.833018, 0, 0.553246, 2.28136, 0.1, -1.78387 )

[node name="grass_large8" parent="Grass" instance=ExtResource( 1 )]
transform = Transform( -0.772202, 0, 0.635378, 0, 1, 0, -0.635378, 0, -0.772202, 2.64189, 0.1, -1.52408 )

[node name="grass_leafs8" parent="Grass/grass_large8" instance=ExtResource( 6 )]
transform = Transform( 1, 0, 2.98023e-08, 0, 1, 0, -2.98023e-08, 0, 1, 0.109605, 0.07373, 0.4354 )

[node name="grass_leafs9" parent="Grass" instance=ExtResource( 6 )]
transform = Transform( 0.00799345, 0, 0.999968, 0, 1, 0, -0.999968, 0, 0.00799345, 3.58222, 0.17373, -0.788319 )

[node name="grass_large9" parent="Grass" instance=ExtResource( 1 )]
transform = Transform( 0.00799345, 0, 0.999968, 0, 1, 0, -0.999968, 0, 0.00799345, 2.87421, 0.1, -0.656509 )

[node name="grass_leafs10" parent="Grass" instance=ExtResource( 6 )]
transform = Transform( -0.99393, 0, 0.110012, 0, 1, 0, -0.110012, 0, -0.99393, 3.25708, 0.17373, -1.08083 )

[node name="grass_large10" parent="Grass" instance=ExtResource( 1 )]
transform = Transform( -0.99393, 0, 0.110012, 0, 1, 0, -0.110012, 0, -0.99393, 3.31812, 0.1, -0.636016 )

[node name="grass_leafs406" parent="Grass" instance=ExtResource( 6 )]
transform = Transform( 1, 0, 0, 0, 1, 0, 0, 0, 1, -1.03818, 0.17373, -2.92548 )

[node name="grass_large407" parent="Grass" instance=ExtResource( 1 )]
transform = Transform( 1, 0, 0, 0, 1, 0, 0, 0, 1, -1.17565, 0.1, -3.63241 )

[node name="grass_leafs407" parent="Grass" instance=ExtResource( 6 )]
transform = Transform( 0.102063, 0, 0.994778, 0, 1, 0, -0.994778, 0, 0.102063, -0.748277, 0.17373, -3.25295 )

[node name="grass_large408" parent="Grass" instance=ExtResource( 1 )]
transform = Transform( 0.102063, 0, 0.994778, 0, 1, 0, -0.994778, 0, 0.102063, -1.19259, 0.1, -3.18836 )

[node name="grass_leafs408" parent="Grass" instance=ExtResource( 6 )]
transform = Transform( 0.937227, 0, 0.348719, 0, 1, 0, -0.348719, 0, 0.937227, -0.417969, 0.17373, -2.92404 )

[node name="grass_large409" parent="Grass" instance=ExtResource( 1 )]
transform = Transform( 0.937227, 0, 0.348719, 0, 1, 0, -0.348719, 0, 0.937227, -0.793325, 0.1, -3.53866 )

[node name="grass_leafs409" parent="Grass" instance=ExtResource( 6 )]
transform = Transform( -0.251242, 0, 0.967924, 0, 1, 0, -0.967924, 0, -0.251242, -0.26046, 0.17373, -3.33205 )

[node name="grass_large410" parent="Grass" instance=ExtResource( 1 )]
transform = Transform( -0.251242, 0, 0.967924, 0, 1, 0, -0.967924, 0, -0.251242, -0.654356, 0.1, -3.11657 )

[node name="grass_leafs410" parent="Grass" instance=ExtResource( 6 )]
transform = Transform( 0.809007, 0, 0.587799, 0, 1, 0, -0.587799, 0, 0.809007, 0.144936, 0.17373, -2.80755 )

[node name="grass_large411" parent="Grass" instance=ExtResource( 1 )]
transform = Transform( 0.809007, 0, 0.587799, 0, 1, 0, -0.587799, 0, 0.809007, -0.381809, 0.1, -3.29866 )

[node name="grass_leafs411" parent="Grass" instance=ExtResource( 6 )]
transform = Transform( -0.50216, 0, 0.864775, 0, 1, 0, -0.864775, 0, -0.50216, 0.18698, 0.17373, -3.24288 )

[node name="grass_large412" parent="Grass" instance=ExtResource( 1 )]
transform = Transform( -0.50216, 0, 0.864775, 0, 1, 0, -0.864775, 0, -0.50216, -0.134503, 0.1, -2.92946 )

[node name="grass_leafs412" parent="Grass" instance=ExtResource( 6 )]
transform = Transform( 0.553246, 0, 0.833018, 0, 1, 0, -0.833018, 0, 0.553246, 0.647536, 0.17373, -3.17094 )

[node name="grass_large413" parent="Grass" instance=ExtResource( 1 )]
transform = Transform( 0.553246, 0, 0.833018, 0, 1, 0, -0.833018, 0, 0.553246, -0.0174038, 0.1, -3.44754 )

[node name="grass_leafs413" parent="Grass" instance=ExtResource( 6 )]
transform = Transform( -0.772202, 0, 0.635378, 0, 1, 0, -0.635378, 0, -0.772202, 0.535132, 0.17373, -3.59361 )

[node name="grass_large414" parent="Grass" instance=ExtResource( 1 )]
transform = Transform( -0.772202, 0, 0.635378, 0, 1, 0, -0.635378, 0, -0.772202, 0.343126, 0.1, -3.18776 )

[node name="grass_leafs414" parent="Grass" instance=ExtResource( 6 )]
transform = Transform( 0.00799345, 0, 0.999968, 0, 1, 0, -0.999968, 0, 0.00799345, 1.28347, 0.17373, -2.45199 )

[node name="grass_large415" parent="Grass" instance=ExtResource( 1 )]
transform = Transform( 0.00799345, 0, 0.999968, 0, 1, 0, -0.999968, 0, 0.00799345, 0.575456, 0.1, -2.32018 )

[node name="grass_leafs415" parent="Grass" instance=ExtResource( 6 )]
transform = Transform( -0.99393, 0, 0.110012, 0, 1, 0, -0.110012, 0, -0.99393, 0.958318, 0.17373, -2.74451 )

[node name="grass_large416" parent="Grass" instance=ExtResource( 1 )]
transform = Transform( -0.99393, 0, 0.110012, 0, 1, 0, -0.110012, 0, -0.99393, 1.01936, 0.1, -2.29969 )

[node name="grass_leafs416" parent="Grass" instance=ExtResource( 6 )]
transform = Transform( 1, 0, 0, 0, 1, 0, 0, 0, 1, 1.69765, 0.17373, -2.92548 )

[node name="grass_large417" parent="Grass" instance=ExtResource( 1 )]
transform = Transform( 1, 0, 0, 0, 1, 0, 0, 0, 1, 1.56019, 0.1, -3.63241 )

[node name="grass_leafs417" parent="Grass" instance=ExtResource( 6 )]
transform = Transform( 0.102063, 0, 0.994778, 0, 1, 0, -0.994778, 0, 0.102063, 1.98756, 0.17373, -3.25295 )

[node name="grass_large418" parent="Grass" instance=ExtResource( 1 )]
transform = Transform( 0.102063, 0, 0.994778, 0, 1, 0, -0.994778, 0, 0.102063, 1.54325, 0.1, -3.18836 )

[node name="grass_leafs418" parent="Grass" instance=ExtResource( 6 )]
transform = Transform( 0.937227, 0, 0.348719, 0, 1, 0, -0.348719, 0, 0.937227, 2.31787, 0.17373, -2.92404 )

[node name="grass_large419" parent="Grass" instance=ExtResource( 1 )]
transform = Transform( 0.937227, 0, 0.348719, 0, 1, 0, -0.348719, 0, 0.937227, 1.94251, 0.1, -3.53866 )

[node name="grass_leafs419" parent="Grass" instance=ExtResource( 6 )]
transform = Transform( -0.251242, 0, 0.967924, 0, 1, 0, -0.967924, 0, -0.251242, 2.47538, 0.17373, -3.33205 )

[node name="grass_large420" parent="Grass" instance=ExtResource( 1 )]
transform = Transform( -0.251242, 0, 0.967924, 0, 1, 0, -0.967924, 0, -0.251242, 2.08148, 0.1, -3.11657 )

[node name="grass_leafs420" parent="Grass" instance=ExtResource( 6 )]
transform = Transform( 0.809007, 0, 0.587799, 0, 1, 0, -0.587799, 0, 0.809007, 2.88077, 0.17373, -2.80755 )

[node name="grass_large421" parent="Grass" instance=ExtResource( 1 )]
transform = Transform( 0.809007, 0, 0.587799, 0, 1, 0, -0.587799, 0, 0.809007, 2.35403, 0.1, -3.29866 )

[node name="grass_leafs421" parent="Grass" instance=ExtResource( 6 )]
transform = Transform( -0.50216, 0, 0.864775, 0, 1, 0, -0.864775, 0, -0.50216, 2.92281, 0.17373, -3.24288 )

[node name="grass_large422" parent="Grass" instance=ExtResource( 1 )]
transform = Transform( -0.50216, 0, 0.864775, 0, 1, 0, -0.864775, 0, -0.50216, 2.60133, 0.1, -2.92946 )

[node name="grass_leafs422" parent="Grass" instance=ExtResource( 6 )]
transform = Transform( 0.553246, 0, 0.833018, 0, 1, 0, -0.833018, 0, 0.553246, 3.38337, 0.17373, -3.17094 )

[node name="grass_large423" parent="Grass" instance=ExtResource( 1 )]
transform = Transform( 0.553246, 0, 0.833018, 0, 1, 0, -0.833018, 0, 0.553246, 2.71843, 0.1, -3.44754 )

[node name="grass_leafs423" parent="Grass" instance=ExtResource( 6 )]
transform = Transform( -0.772202, 0, 0.635378, 0, 1, 0, -0.635378, 0, -0.772202, 3.27097, 0.17373, -3.59361 )

[node name="grass_large424" parent="Grass" instance=ExtResource( 1 )]
transform = Transform( -0.772202, 0, 0.635378, 0, 1, 0, -0.635378, 0, -0.772202, 3.07896, 0.1, -3.18776 )

[node name="grass_leafs424" parent="Grass" instance=ExtResource( 6 )]
transform = Transform( 0.00799345, 0, 0.999968, 0, 1, 0, -0.999968, 0, 0.00799345, 4.0193, 0.17373, -2.45199 )

[node name="grass_large425" parent="Grass" instance=ExtResource( 1 )]
transform = Transform( 0.00799345, 0, 0.999968, 0, 1, 0, -0.999968, 0, 0.00799345, 3.31129, 0.1, -2.32018 )

[node name="grass_leafs425" parent="Grass" instance=ExtResource( 6 )]
transform = Transform( -0.99393, 0, 0.110012, 0, 1, 0, -0.110012, 0, -0.99393, 3.69415, 0.17373, -2.74451 )

[node name="grass_large426" parent="Grass" instance=ExtResource( 1 )]
transform = Transform( -0.99393, 0, 0.110012, 0, 1, 0, -0.110012, 0, -0.99393, 3.75519, 0.1, -2.29969 )

[node name="grass_leafs426" parent="Grass" instance=ExtResource( 6 )]
transform = Transform( -0.361641, 0, 0.932318, 0, 1, 0, -0.932318, 0, -0.361641, 3.14488, 0.17373, -1.0561 )

[node name="grass_large427" parent="Grass" instance=ExtResource( 1 )]
transform = Transform( -0.361641, 0, 0.932318, 0, 1, 0, -0.932318, 0, -0.361641, 2.53551, 0.1, -0.672282 )

[node name="grass_leafs427" parent="Grass" instance=ExtResource( 6 )]
transform = Transform( -0.964359, 0, -0.264597, 0, 1, 0, 0.264597, 0, -0.964359, 2.73473, 0.17373, -1.20795 )

[node name="grass_large428" parent="Grass" instance=ExtResource( 1 )]
transform = Transform( -0.964359, 0, -0.264597, 0, 1, 0, 0.264597, 0, -0.964359, 2.95564, 0.1, -0.817073 )

[node name="grass_leafs428" parent="Grass" instance=ExtResource( 6 )]
transform = Transform( -0.664057, 0, 0.747682, 0, 1, 0, -0.747682, 0, -0.664057, 2.92193, 0.17373, -1.63485 )

[node name="grass_large429" parent="Grass" instance=ExtResource( 1 )]
transform = Transform( -0.664057, 0, 0.747682, 0, 1, 0, -0.747682, 0, -0.664057, 2.48465, 0.1, -1.06263 )

[node name="grass_leafs429" parent="Grass" instance=ExtResource( 6 )]
transform = Transform( -0.811554, 0, -0.584278, 0, 1, 0, 0.584278, 0, -0.811554, 2.48457, 0.17373, -1.63415 )

[node name="grass_large430" parent="Grass" instance=ExtResource( 1 )]
transform = Transform( -0.811554, 0, -0.584278, 0, 1, 0, 0.584278, 0, -0.811554, 2.82791, 0.1, -1.34484 )

[node name="grass_leafs430" parent="Grass" instance=ExtResource( 6 )]
transform = Transform( -0.840586, 0, 0.541679, 0, 1, 0, -0.541679, 0, -0.840586, 2.82697, 0.17373, -2.20179 )

[node name="grass_large431" parent="Grass" instance=ExtResource( 1 )]
transform = Transform( -0.840586, 0, 0.541679, 0, 1, 0, -0.541679, 0, -0.840586, 2.55959, 0.1, -1.53309 )

[node name="grass_leafs431" parent="Grass" instance=ExtResource( 6 )]
transform = Transform( -0.624643, 0, -0.780911, 0, 1, 0, 0.780911, 0, -0.624643, 2.40589, 0.17373, -2.08355 )

[node name="grass_large432" parent="Grass" instance=ExtResource( 1 )]
transform = Transform( -0.624643, 0, -0.780911, 0, 1, 0, 0.780911, 0, -0.624643, 2.81436, 0.1, -1.89717 )

[node name="grass_leafs432" parent="Grass" instance=ExtResource( 6 )]
transform = Transform( -0.976714, 0, 0.214548, 0, 1, 0, -0.214548, 0, -0.976714, 2.3064, 0.17373, -2.53895 )

[node name="grass_large433" parent="Grass" instance=ExtResource( 1 )]
transform = Transform( -0.976714, 0, 0.214548, 0, 1, 0, -0.214548, 0, -0.976714, 2.289, 0.1, -1.81899 )

[node name="grass_leafs433" parent="Grass" instance=ExtResource( 6 )]
transform = Transform( -0.313114, 0, -0.949716, 0, 1, 0, 0.949716, 0, -0.313114, 1.95299, 0.17373, -2.2813 )

[node name="grass_large434" parent="Grass" instance=ExtResource( 1 )]
transform = Transform( -0.313114, 0, -0.949716, 0, 1, 0, 0.949716, 0, -0.313114, 2.40082, 0.1, -2.24906 )

[node name="grass_leafs434" parent="Grass" instance=ExtResource( 6 )]
transform = Transform( -0.935179, 0, -0.354177, 0, 1, 0, 0.354177, 0, -0.935179, 2.74672, 0.17373, -3.39184 )

[node name="grass_large435" parent="Grass" instance=ExtResource( 1 )]
transform = Transform( -0.935179, 0, -0.354177, 0, 1, 0, 0.354177, 0, -0.935179, 3.12565, 0.1, -2.77942 )

[node name="grass_leafs435" parent="Grass" instance=ExtResource( 6 )]
transform = Transform( 0.25688, 0, -0.966443, 0, 1, 0, 0.966443, 0, 0.25688, 2.59159, 0.17373, -2.98292 )

[node name="grass_large436" parent="Grass" instance=ExtResource( 1 )]
transform = Transform( 0.25688, 0, -0.966443, 0, 1, 0, 0.966443, 0, 0.25688, 2.98422, 0.1, -3.20069 )

[node name="grass_leafs11" parent="Grass" instance=ExtResource( 6 )]
transform = Transform( -0.341216, 0, 0.939985, 0, 1, 0, -0.939985, 0, -0.341216, 2.70072, 0.17373, 0.560235 )

[node name="grass_large11" parent="Grass" instance=ExtResource( 1 )]
transform = Transform( -0.341216, 0, 0.939985, 0, 1, 0, -0.939985, 0, -0.341216, 2.08312, 0.1, 0.930667 )

[node name="grass_leafs12" parent="Grass" instance=ExtResource( 6 )]
transform = Transform( -0.969902, 0, -0.243497, 0, 1, 0, 0.243497, 0, -0.969902, 2.29398, 0.17373, 0.39947 )

[node name="grass_large12" parent="Grass" instance=ExtResource( 1 )]
transform = Transform( -0.969902, 0, -0.243497, 0, 1, 0, 0.243497, 0, -0.969902, 2.50631, 0.1, 0.795076 )

[node name="grass_leafs13" parent="Grass" instance=ExtResource( 6 )]
transform = Transform( -0.581314, 0, 0.813679, 0, 1, 0, -0.813679, 0, -0.581314, 2.82171, 0.17373, -0.00172043 )

[node name="grass_large13" parent="Grass" instance=ExtResource( 1 )]
transform = Transform( -0.581314, 0, 0.813679, 0, 1, 0, -0.813679, 0, -0.581314, 2.32641, 0.1, 0.521082 )

[node name="grass_leafs14" parent="Grass" instance=ExtResource( 6 )]
transform = Transform( -0.868761, 0, -0.495232, 0, 1, 0, 0.495232, 0, -0.868761, 2.38673, 0.17373, -0.0472431 )

[node name="grass_large14" parent="Grass" instance=ExtResource( 1 )]
transform = Transform( -0.868761, 0, -0.495232, 0, 1, 0, 0.495232, 0, -0.868761, 2.69757, 0.1, 0.276735 )

[node name="grass_leafs15" parent="Grass" instance=ExtResource( 6 )]
transform = Transform( -0.828569, 0, 0.559887, 0, 1, 0, -0.559887, 0, -0.828569, 2.46234, 0.17373, -0.50721 )

[node name="grass_large15" parent="Grass" instance=ExtResource( 1 )]
transform = Transform( -0.828569, 0, 0.559887, 0, 1, 0, -0.559887, 0, -0.828569, 2.18044, 0.1, 0.155498 )

[node name="grass_leafs16" parent="Grass" instance=ExtResource( 6 )]
transform = Transform( -0.64153, 0, -0.767098, 0, 1, 0, 0.767098, 0, -0.64153, 2.03879, 0.17373, -0.398187 )

[node name="grass_large16" parent="Grass" instance=ExtResource( 1 )]
transform = Transform( -0.64153, 0, -0.767098, 0, 1, 0, 0.767098, 0, -0.64153, 2.4431, 0.1, -0.202944 )

[node name="grass_leafs17" parent="Grass" instance=ExtResource( 6 )]
transform = Transform( 1, 0, 0, 0, 1, 0, 0, 0, 1, 0.372683, 0.17373, 1.76674 )

[node name="grass_large17" parent="Grass" instance=ExtResource( 1 )]
transform = Transform( 1, 0, 0, 0, 1, 0, 0, 0, 1, 0.235218, 0.1, 1.0598 )

[node name="grass_leafs18" parent="Grass" instance=ExtResource( 6 )]
transform = Transform( 0.102063, 0, 0.994778, 0, 1, 0, -0.994778, 0, 0.102063, 0.662586, 0.17373, 1.43926 )

[node name="grass_large18" parent="Grass" instance=ExtResource( 1 )]
transform = Transform( 0.102063, 0, 0.994778, 0, 1, 0, -0.994778, 0, 0.102063, 0.218274, 0.1, 1.50386 )

[node name="grass_leafs19" parent="Grass" instance=ExtResource( 6 )]
transform = Transform( 0.937227, 0, 0.348719, 0, 1, 0, -0.348719, 0, 0.937227, 0.992895, 0.17373, 1.76817 )

[node name="grass_large19" parent="Grass" instance=ExtResource( 1 )]
transform = Transform( 0.937227, 0, 0.348719, 0, 1, 0, -0.348719, 0, 0.937227, 0.617538, 0.1, 1.15355 )

[node name="grass_leafs20" parent="Grass" instance=ExtResource( 6 )]
transform = Transform( -0.251242, 0, 0.967924, 0, 1, 0, -0.967924, 0, -0.251242, 1.1504, 0.17373, 1.36016 )

[node name="grass_large20" parent="Grass" instance=ExtResource( 1 )]
transform = Transform( -0.251242, 0, 0.967924, 0, 1, 0, -0.967924, 0, -0.251242, 0.756507, 0.1, 1.57564 )

[node name="grass_leafs21" parent="Grass" instance=ExtResource( 6 )]
transform = Transform( 0.809007, 0, 0.587799, 0, 1, 0, -0.587799, 0, 0.809007, 1.5558, 0.17373, 1.88467 )

[node name="grass_large21" parent="Grass" instance=ExtResource( 1 )]
transform = Transform( 0.809007, 0, 0.587799, 0, 1, 0, -0.587799, 0, 0.809007, 1.02905, 0.1, 1.39356 )

[node name="grass_leafs22" parent="Grass" instance=ExtResource( 6 )]
transform = Transform( -0.50216, 0, 0.864775, 0, 1, 0, -0.864775, 0, -0.50216, 1.59784, 0.17373, 1.44933 )

[node name="grass_large22" parent="Grass" instance=ExtResource( 1 )]
transform = Transform( -0.50216, 0, 0.864775, 0, 1, 0, -0.864775, 0, -0.50216, 1.27636, 0.1, 1.76276 )

[node name="grass_leafs23" parent="Grass" instance=ExtResource( 6 )]
transform = Transform( 0.553246, 0, 0.833018, 0, 1, 0, -0.833018, 0, 0.553246, 2.0584, 0.17373, 1.52127 )

[node name="grass_large23" parent="Grass" instance=ExtResource( 1 )]
transform = Transform( 0.553246, 0, 0.833018, 0, 1, 0, -0.833018, 0, 0.553246, 1.39346, 0.1, 1.24467 )

[node name="grass_leafs24" parent="Grass" instance=ExtResource( 6 )]
transform = Transform( -0.772202, 0, 0.635378, 0, 1, 0, -0.635378, 0, -0.772202, 1.946, 0.17373, 1.0986 )

[node name="grass_large24" parent="Grass" instance=ExtResource( 1 )]
transform = Transform( -0.772202, 0, 0.635378, 0, 1, 0, -0.635378, 0, -0.772202, 1.75399, 0.1, 1.50446 )

[node name="grass_leafs25" parent="Grass" instance=ExtResource( 6 )]
transform = Transform( 0.00799345, 0, 0.999968, 0, 1, 0, -0.999968, 0, 0.00799345, 2.69433, 0.17373, 2.24022 )

[node name="grass_large25" parent="Grass" instance=ExtResource( 1 )]
transform = Transform( 0.00799345, 0, 0.999968, 0, 1, 0, -0.999968, 0, 0.00799345, 1.98632, 0.1, 2.37203 )

[node name="grass_leafs26" parent="Grass" instance=ExtResource( 6 )]
transform = Transform( -0.99393, 0, 0.110012, 0, 1, 0, -0.110012, 0, -0.99393, 2.36918, 0.17373, 1.94771 )

[node name="grass_large26" parent="Grass" instance=ExtResource( 1 )]
transform = Transform( -0.99393, 0, 0.110012, 0, 1, 0, -0.110012, 0, -0.99393, 2.43022, 0.1, 2.39252 )

[node name="grass_leafs27" parent="Grass" instance=ExtResource( 6 )]
transform = Transform( -0.341216, 0, 0.939985, 0, 1, 0, -0.939985, 0, -0.341216, 2.70072, 0.17373, 1.62004 )

[node name="grass_large27" parent="Grass" instance=ExtResource( 1 )]
transform = Transform( -0.341216, 0, 0.939985, 0, 1, 0, -0.939985, 0, -0.341216, 2.08312, 0.1, 1.99047 )

[node name="grass_leafs28" parent="Grass" instance=ExtResource( 6 )]
transform = Transform( -0.969902, 0, -0.243497, 0, 1, 0, 0.243497, 0, -0.969902, 2.29398, 0.17373, 1.45927 )

[node name="grass_large28" parent="Grass" instance=ExtResource( 1 )]
transform = Transform( -0.969902, 0, -0.243497, 0, 1, 0, 0.243497, 0, -0.969902, 2.50631, 0.1, 1.85488 )

[node name="grass_leafs29" parent="Grass" instance=ExtResource( 6 )]
transform = Transform( -0.581314, 0, 0.813679, 0, 1, 0, -0.813679, 0, -0.581314, 2.82171, 0.17373, 1.05808 )

[node name="grass_large29" parent="Grass" instance=ExtResource( 1 )]
transform = Transform( -0.581314, 0, 0.813679, 0, 1, 0, -0.813679, 0, -0.581314, 2.32641, 0.1, 1.58089 )

[node name="grass_leafs30" parent="Grass" instance=ExtResource( 6 )]
transform = Transform( -0.868761, 0, -0.495232, 0, 1, 0, 0.495232, 0, -0.868761, 2.38673, 0.17373, 1.01256 )

[node name="grass_large30" parent="Grass" instance=ExtResource( 1 )]
transform = Transform( -0.868761, 0, -0.495232, 0, 1, 0, 0.495232, 0, -0.868761, 2.69757, 0.1, 1.33654 )

[node name="grass_leafs31" parent="Grass" instance=ExtResource( 6 )]
transform = Transform( -0.828569, 0, 0.559887, 0, 1, 0, -0.559887, 0, -0.828569, 2.46234, 0.17373, 0.552594 )

[node name="grass_large31" parent="Grass" instance=ExtResource( 1 )]
transform = Transform( -0.828569, 0, 0.559887, 0, 1, 0, -0.559887, 0, -0.828569, 2.18044, 0.1, 1.2153 )

[node name="grass_leafs32" parent="Grass" instance=ExtResource( 6 )]
transform = Transform( -0.64153, 0, -0.767098, 0, 1, 0, 0.767098, 0, -0.64153, 2.03879, 0.17373, 0.661617 )

[node name="grass_large32" parent="Grass" instance=ExtResource( 1 )]
transform = Transform( -0.64153, 0, -0.767098, 0, 1, 0, 0.767098, 0, -0.64153, 2.4431, 0.1, 0.85686 )

[node name="grass_leafs33" parent="Grass" instance=ExtResource( 6 )]
transform = Transform( 1, 0, 0, 0, 1, 0, 0, 0, 1, -0.385054, 0.17373, -1.4671 )

[node name="grass_large33" parent="Grass" instance=ExtResource( 1 )]
transform = Transform( 1, 0, 0, 0, 1, 0, 0, 0, 1, -0.522518, 0.1, -2.17404 )

[node name="grass_leafs34" parent="Grass" instance=ExtResource( 6 )]
transform = Transform( 0.102063, 0, 0.994778, 0, 1, 0, -0.994778, 0, 0.102063, -0.0951498, 0.17373, -1.79458 )

[node name="grass_large34" parent="Grass" instance=ExtResource( 1 )]
transform = Transform( 0.102063, 0, 0.994778, 0, 1, 0, -0.994778, 0, 0.102063, -0.539462, 0.1, -1.72998 )

[node name="grass_leafs35" parent="Grass" instance=ExtResource( 6 )]
transform = Transform( 0.937227, 0, 0.348719, 0, 1, 0, -0.348719, 0, 0.937227, 0.235159, 0.17373, -1.46567 )

[node name="grass_large35" parent="Grass" instance=ExtResource( 1 )]
transform = Transform( 0.937227, 0, 0.348719, 0, 1, 0, -0.348719, 0, 0.937227, -0.140198, 0.1, -2.08029 )

[node name="grass_leafs36" parent="Grass" instance=ExtResource( 6 )]
transform = Transform( -0.251242, 0, 0.967924, 0, 1, 0, -0.967924, 0, -0.251242, 0.392668, 0.17373, -1.87368 )

[node name="grass_large36" parent="Grass" instance=ExtResource( 1 )]
transform = Transform( -0.251242, 0, 0.967924, 0, 1, 0, -0.967924, 0, -0.251242, -0.00122881, 0.1, -1.6582 )

[node name="grass_leafs37" parent="Grass" instance=ExtResource( 6 )]
transform = Transform( 0.809007, 0, 0.587799, 0, 1, 0, -0.587799, 0, 0.809007, 0.798063, 0.17373, -1.34917 )

[node name="grass_large37" parent="Grass" instance=ExtResource( 1 )]
transform = Transform( 0.809007, 0, 0.587799, 0, 1, 0, -0.587799, 0, 0.809007, 0.271318, 0.1, -1.84029 )

[node name="grass_leafs38" parent="Grass" instance=ExtResource( 6 )]
transform = Transform( -0.50216, 0, 0.864775, 0, 1, 0, -0.864775, 0, -0.50216, 0.840107, 0.17373, -1.78451 )

[node name="grass_large38" parent="Grass" instance=ExtResource( 1 )]
transform = Transform( -0.50216, 0, 0.864775, 0, 1, 0, -0.864775, 0, -0.50216, 0.518624, 0.1, -1.47108 )

[node name="grass_leafs39" parent="Grass" instance=ExtResource( 6 )]
transform = Transform( 0.553246, 0, 0.833018, 0, 1, 0, -0.833018, 0, 0.553246, 1.30066, 0.17373, -1.71257 )

[node name="grass_large39" parent="Grass" instance=ExtResource( 1 )]
transform = Transform( 0.553246, 0, 0.833018, 0, 1, 0, -0.833018, 0, 0.553246, 0.635723, 0.1, -1.98917 )

[node name="grass_leafs40" parent="Grass" instance=ExtResource( 6 )]
transform = Transform( -0.772202, 0, 0.635378, 0, 1, 0, -0.635378, 0, -0.772202, 1.18826, 0.17373, -2.13524 )

[node name="grass_large40" parent="Grass" instance=ExtResource( 1 )]
transform = Transform( -0.772202, 0, 0.635378, 0, 1, 0, -0.635378, 0, -0.772202, 0.996253, 0.1, -1.72938 )

[node name="grass_leafs41" parent="Grass" instance=ExtResource( 6 )]
transform = Transform( 0.00799345, 0, 0.999968, 0, 1, 0, -0.999968, 0, 0.00799345, 1.93659, 0.17373, -0.993621 )

[node name="grass_large41" parent="Grass" instance=ExtResource( 1 )]
transform = Transform( 0.00799345, 0, 0.999968, 0, 1, 0, -0.999968, 0, 0.00799345, 1.22858, 0.1, -0.861811 )

[node name="grass_leafs42" parent="Grass" instance=ExtResource( 6 )]
transform = Transform( -0.99393, 0, 0.110012, 0, 1, 0, -0.110012, 0, -0.99393, 1.61145, 0.17373, -1.28613 )

[node name="grass_large42" parent="Grass" instance=ExtResource( 1 )]
transform = Transform( -0.99393, 0, 0.110012, 0, 1, 0, -0.110012, 0, -0.99393, 1.67249, 0.1, -0.841318 )

[node name="grass_leafs43" parent="Grass" instance=ExtResource( 6 )]
transform = Transform( -0.341216, 0, 0.939985, 0, 1, 0, -0.939985, 0, -0.341216, 1.94299, 0.17373, -1.6138 )

[node name="grass_large43" parent="Grass" instance=ExtResource( 1 )]
transform = Transform( -0.341216, 0, 0.939985, 0, 1, 0, -0.939985, 0, -0.341216, 1.32539, 0.1, -1.24337 )

[node name="grass_leafs44" parent="Grass" instance=ExtResource( 6 )]
transform = Transform( -0.969902, 0, -0.243497, 0, 1, 0, 0.243497, 0, -0.969902, 1.53625, 0.17373, -1.77457 )

[node name="grass_large44" parent="Grass" instance=ExtResource( 1 )]
transform = Transform( -0.969902, 0, -0.243497, 0, 1, 0, 0.243497, 0, -0.969902, 1.74857, 0.1, -1.37896 )

[node name="grass_leafs45" parent="Grass" instance=ExtResource( 6 )]
transform = Transform( -0.581314, 0, 0.813679, 0, 1, 0, -0.813679, 0, -0.581314, 2.06398, 0.17373, -2.17576 )

[node name="grass_large45" parent="Grass" instance=ExtResource( 1 )]
transform = Transform( -0.581314, 0, 0.813679, 0, 1, 0, -0.813679, 0, -0.581314, 1.56867, 0.1, -1.65295 )

[node name="grass_leafs46" parent="Grass" instance=ExtResource( 6 )]
transform = Transform( -0.868761, 0, -0.495232, 0, 1, 0, 0.495232, 0, -0.868761, 1.62899, 0.17373, -2.22128 )

[node name="grass_large46" parent="Grass" instance=ExtResource( 1 )]
transform = Transform( -0.868761, 0, -0.495232, 0, 1, 0, 0.495232, 0, -0.868761, 1.93984, 0.1, -1.8973 )

[node name="grass_leafs47" parent="Grass" instance=ExtResource( 6 )]
transform = Transform( -0.828569, 0, 0.559887, 0, 1, 0, -0.559887, 0, -0.828569, 1.70461, 0.17373, -2.68125 )

[node name="grass_large47" parent="Grass" instance=ExtResource( 1 )]
transform = Transform( -0.828569, 0, 0.559887, 0, 1, 0, -0.559887, 0, -0.828569, 1.4227, 0.1, -2.01854 )

[node name="grass_leafs48" parent="Grass" instance=ExtResource( 6 )]
transform = Transform( -0.64153, 0, -0.767098, 0, 1, 0, 0.767098, 0, -0.64153, 1.28105, 0.17373, -2.57222 )

[node name="grass_large48" parent="Grass" instance=ExtResource( 1 )]
transform = Transform( -0.64153, 0, -0.767098, 0, 1, 0, 0.767098, 0, -0.64153, 1.68536, 0.1, -2.37698 )

[node name="grass_leafs49" parent="Grass" instance=ExtResource( 6 )]
transform = Transform( 1, 0, 0, 0, 1, 0, 0, 0, 1, -0.385054, 0.17373, -0.407299 )

[node name="grass_large49" parent="Grass" instance=ExtResource( 1 )]
transform = Transform( 1, 0, 0, 0, 1, 0, 0, 0, 1, -0.522518, 0.1, -1.11423 )

[node name="grass_leafs50" parent="Grass" instance=ExtResource( 6 )]
transform = Transform( 0.102063, 0, 0.994778, 0, 1, 0, -0.994778, 0, 0.102063, -0.0951498, 0.17373, -0.734774 )

[node name="grass_large50" parent="Grass" instance=ExtResource( 1 )]
transform = Transform( 0.102063, 0, 0.994778, 0, 1, 0, -0.994778, 0, 0.102063, -0.539462, 0.1, -0.670179 )

[node name="grass_leafs51" parent="Grass" instance=ExtResource( 6 )]
transform = Transform( 0.937227, 0, 0.348719, 0, 1, 0, -0.348719, 0, 0.937227, 0.235159, 0.17373, -0.405862 )

[node name="grass_large51" parent="Grass" instance=ExtResource( 1 )]
transform = Transform( 0.937227, 0, 0.348719, 0, 1, 0, -0.348719, 0, 0.937227, -0.140198, 0.1, -1.02048 )

[node name="grass_leafs52" parent="Grass" instance=ExtResource( 6 )]
transform = Transform( -0.251242, 0, 0.967924, 0, 1, 0, -0.967924, 0, -0.251242, 0.392668, 0.17373, -0.813876 )

[node name="grass_large52" parent="Grass" instance=ExtResource( 1 )]
transform = Transform( -0.251242, 0, 0.967924, 0, 1, 0, -0.967924, 0, -0.251242, -0.00122881, 0.1, -0.598395 )

[node name="grass_leafs53" parent="Grass" instance=ExtResource( 6 )]
transform = Transform( 0.809007, 0, 0.587799, 0, 1, 0, -0.587799, 0, 0.809007, 0.798063, 0.17373, -0.289369 )

[node name="grass_large53" parent="Grass" instance=ExtResource( 1 )]
transform = Transform( 0.809007, 0, 0.587799, 0, 1, 0, -0.587799, 0, 0.809007, 0.271318, 0.1, -0.780481 )

[node name="grass_leafs54" parent="Grass" instance=ExtResource( 6 )]
transform = Transform( -0.50216, 0, 0.864775, 0, 1, 0, -0.864775, 0, -0.50216, 0.840107, 0.17373, -0.724704 )

[node name="grass_large54" parent="Grass" instance=ExtResource( 1 )]
transform = Transform( -0.50216, 0, 0.864775, 0, 1, 0, -0.864775, 0, -0.50216, 0.518624, 0.1, -0.41128 )

[node name="grass_leafs55" parent="Grass" instance=ExtResource( 6 )]
transform = Transform( 0.553246, 0, 0.833018, 0, 1, 0, -0.833018, 0, 0.553246, 1.30066, 0.17373, -0.652767 )

[node name="grass_large55" parent="Grass" instance=ExtResource( 1 )]
transform = Transform( 0.553246, 0, 0.833018, 0, 1, 0, -0.833018, 0, 0.553246, 0.635723, 0.1, -0.929365 )

[node name="grass_leafs56" parent="Grass" instance=ExtResource( 6 )]
transform = Transform( -0.772202, 0, 0.635378, 0, 1, 0, -0.635378, 0, -0.772202, 1.18826, 0.17373, -1.07544 )

[node name="grass_large56" parent="Grass" instance=ExtResource( 1 )]
transform = Transform( -0.772202, 0, 0.635378, 0, 1, 0, -0.635378, 0, -0.772202, 0.996253, 0.1, -0.669579 )

[node name="grass_leafs57" parent="Grass" instance=ExtResource( 6 )]
transform = Transform( 0.00799345, 0, 0.999968, 0, 1, 0, -0.999968, 0, 0.00799345, 1.93659, 0.17373, 0.0661831 )

[node name="grass_large57" parent="Grass" instance=ExtResource( 1 )]
transform = Transform( 0.00799345, 0, 0.999968, 0, 1, 0, -0.999968, 0, 0.00799345, 1.22858, 0.1, 0.197993 )

[node name="grass_leafs58" parent="Grass" instance=ExtResource( 6 )]
transform = Transform( -0.99393, 0, 0.110012, 0, 1, 0, -0.110012, 0, -0.99393, 1.61145, 0.17373, -0.226329 )

[node name="grass_large58" parent="Grass" instance=ExtResource( 1 )]
transform = Transform( -0.99393, 0, 0.110012, 0, 1, 0, -0.110012, 0, -0.99393, 1.67249, 0.1, 0.218486 )

[node name="grass_leafs59" parent="Grass" instance=ExtResource( 6 )]
transform = Transform( -0.341216, 0, 0.939985, 0, 1, 0, -0.939985, 0, -0.341216, 1.94299, 0.17373, -0.553998 )

[node name="grass_large59" parent="Grass" instance=ExtResource( 1 )]
transform = Transform( -0.341216, 0, 0.939985, 0, 1, 0, -0.939985, 0, -0.341216, 1.32539, 0.1, -0.183566 )

[node name="grass_leafs60" parent="Grass" instance=ExtResource( 6 )]
transform = Transform( -0.969902, 0, -0.243497, 0, 1, 0, 0.243497, 0, -0.969902, 1.53625, 0.17373, -0.714763 )

[node name="grass_large60" parent="Grass" instance=ExtResource( 1 )]
transform = Transform( -0.969902, 0, -0.243497, 0, 1, 0, 0.243497, 0, -0.969902, 1.74857, 0.1, -0.319157 )

[node name="grass_leafs61" parent="Grass" instance=ExtResource( 6 )]
transform = Transform( -0.581314, 0, 0.813679, 0, 1, 0, -0.813679, 0, -0.581314, 2.06398, 0.17373, -1.11595 )

[node name="grass_large61" parent="Grass" instance=ExtResource( 1 )]
transform = Transform( -0.581314, 0, 0.813679, 0, 1, 0, -0.813679, 0, -0.581314, 1.56867, 0.1, -0.59315 )

[node name="grass_leafs62" parent="Grass" instance=ExtResource( 6 )]
transform = Transform( -0.868761, 0, -0.495232, 0, 1, 0, 0.495232, 0, -0.868761, 1.62899, 0.17373, -1.16148 )

[node name="grass_large62" parent="Grass" instance=ExtResource( 1 )]
transform = Transform( -0.868761, 0, -0.495232, 0, 1, 0, 0.495232, 0, -0.868761, 1.93984, 0.1, -0.837497 )

[node name="grass_leafs63" parent="Grass" instance=ExtResource( 6 )]
transform = Transform( -0.828569, 0, 0.559887, 0, 1, 0, -0.559887, 0, -0.828569, 1.70461, 0.17373, -1.62144 )

[node name="grass_large63" parent="Grass" instance=ExtResource( 1 )]
transform = Transform( -0.828569, 0, 0.559887, 0, 1, 0, -0.559887, 0, -0.828569, 1.4227, 0.1, -0.958734 )

[node name="grass_leafs64" parent="Grass" instance=ExtResource( 6 )]
transform = Transform( -0.64153, 0, -0.767098, 0, 1, 0, 0.767098, 0, -0.64153, 1.28105, 0.17373, -1.51242 )

[node name="grass_large64" parent="Grass" instance=ExtResource( 1 )]
transform = Transform( -0.64153, 0, -0.767098, 0, 1, 0, 0.767098, 0, -0.64153, 1.68536, 0.1, -1.31718 )

[node name="grass_leafs65" parent="Grass" instance=ExtResource( 6 )]
transform = Transform( -0.96713, 0, 0.254281, 0, 1, 0, -0.254281, 0, -0.96713, -0.865147, 0.17373, -0.772275 )

[node name="grass_large65" parent="Grass" instance=ExtResource( 1 )]
transform = Transform( -0.96713, 0, 0.254281, 0, 1, 0, -0.254281, 0, -0.96713, -0.911961, 0.1, -0.0536233 )

[node name="grass_leafs66" parent="Grass" instance=ExtResource( 6 )]
transform = Transform( -0.351662, 0, -0.936127, 0, 1, 0, 0.936127, 0, -0.351662, -1.22879, 0.17373, -0.529281 )

[node name="grass_large66" parent="Grass" instance=ExtResource( 1 )]
transform = Transform( -0.351662, 0, -0.936127, 0, 1, 0, 0.936127, 0, -0.351662, -0.78266, 0.1, -0.478772 )

[node name="grass_leafs67" parent="Grass" instance=ExtResource( 6 )]
transform = Transform( -0.995094, 0, -0.0989378, 0, 1, 0, 0.0989378, 0, -0.995094, -1.46461, 0.17373, -0.931373 )

[node name="grass_large67" parent="Grass" instance=ExtResource( 1 )]
transform = Transform( -0.995094, 0, -0.0989378, 0, 1, 0, 0.0989378, 0, -0.995094, -1.25788, 0.1, -0.241508 )

[node name="grass_leafs68" parent="Grass" instance=ExtResource( 6 )]
transform = Transform( -0.00314131, 0, -0.999995, 0, 1, 0, 0.999995, 0, -0.00314131, -1.72069, 0.17373, -0.576822 )

[node name="grass_large68" parent="Grass" instance=ExtResource( 1 )]
transform = Transform( -0.00314131, 0, -0.999995, 0, 1, 0, 0.999995, 0, -0.00314131, -1.28495, 0.1, -0.685059 )

[node name="grass_leafs69" parent="Grass" instance=ExtResource( 6 )]
transform = Transform( -0.931881, 0, -0.362764, 0, 1, 0, 0.362764, 0, -0.931881, -1.97939, 0.17373, -1.18717 )

[node name="grass_large69" parent="Grass" instance=ExtResource( 1 )]
transform = Transform( -0.931881, 0, -0.362764, 0, 1, 0, 0.362764, 0, -0.931881, -1.59484, 0.1, -0.578262 )

[node name="grass_leafs70" parent="Grass" instance=ExtResource( 6 )]
transform = Transform( 0.265758, 0, -0.96404, 0, 1, 0, 0.96404, 0, 0.265758, -2.13075, 0.17373, -0.776838 )

[node name="grass_large70" parent="Grass" instance=ExtResource( 1 )]
transform = Transform( 0.265758, 0, -0.96404, 0, 1, 0, 0.96404, 0, 0.265758, -1.74013, 0.1, -0.998213 )

[node name="grass_leafs71" parent="Grass" instance=ExtResource( 6 )]
transform = Transform( -0.746882, 0, -0.664957, 0, 1, 0, 0.664957, 0, -0.746882, -2.55787, 0.17373, -0.963521 )

[node name="grass_large71" parent="Grass" instance=ExtResource( 1 )]
transform = Transform( -0.746882, 0, -0.664957, 0, 1, 0, 0.664957, 0, -0.746882, -1.98512, 0.1, -0.526933 )

[node name="grass_leafs72" parent="Grass" instance=ExtResource( 6 )]
transform = Transform( 0.585255, 0, -0.810849, 0, 1, 0, 0.810849, 0, 0.585255, -2.55664, 0.17373, -0.526163 )

[node name="grass_large72" parent="Grass" instance=ExtResource( 1 )]
transform = Transform( 0.585255, 0, -0.810849, 0, 1, 0, 0.810849, 0, 0.585255, -2.26774, 0.1, -0.869856 )

[node name="grass_leafs73" parent="Grass" instance=ExtResource( 6 )]
transform = Transform( -0.262004, 0, -0.965067, 0, 1, 0, 0.965067, 0, -0.262004, -2.99008, 0.17373, -1.82054 )

[node name="grass_large73" parent="Grass" instance=ExtResource( 1 )]
transform = Transform( -0.262004, 0, -0.965067, 0, 1, 0, 0.965067, 0, -0.262004, -2.27183, 0.1, -1.76799 )

[node name="grass_leafs74" parent="Grass" instance=ExtResource( 6 )]
transform = Transform( 0.933286, 0, -0.359133, 0, 1, 0, 0.359133, 0, 0.933286, -2.75001, 0.17373, -1.45497 )

[node name="grass_large74" parent="Grass" instance=ExtResource( 1 )]
transform = Transform( 0.933286, 0, -0.359133, 0, 1, 0, 0.359133, 0, 0.933286, -2.69593, 0.1, -1.90068 )

[node name="grass_leafs75" parent="Grass" instance=ExtResource( 6 )]
transform = Transform( 0.0909804, 0, -0.995853, 0, 1, 0, 0.995853, 0, 0.0909804, -3.15397, 0.17373, -1.22238 )

[node name="grass_large75" parent="Grass" instance=ExtResource( 1 )]
transform = Transform( 0.0909804, 0, -0.995853, 0, 1, 0, 0.995853, 0, 0.0909804, -2.46247, 0.1, -1.42359 )

